0	-70	115	30	65	55	20	-5	-15	-45
70	0	-60	70	85	65	-55	0	40	-10
-115	60	0	50	110	-80	35	80	20	100
-30	-70	-50	0	-155	5	30	-95	-50	130
-65	-85	-110	155	0	-45	30	-65	30	-30
-55	-65	80	-5	45	0	-15	-20	70	30
-20	55	-35	-30	-30	15	0	-25	-35	-115
5	0	-80	95	65	20	25	0	-45	40
15	-40	-20	50	-30	-70	35	45	0	65
45	10	-100	-130	30	-30	115	-40	-65	0
